--------------------------------------------------------------------------------
00000000000000000000000000000000000000000000000000000000000000000000000000000000
00000000000000000000000000000000000000000000000000000000000000000000000000000000
10000000000000000000000000000000000000000000000000000000000000000000000000000000
01000000000000000000000000000000000000000000000000000000000000000000000000000000
00100000000000000000000000000000000000000000000000000000000000000000000000000000
00010000000000000000000000000000000000000000000000000000000000000000000000000000
00001000000000000000000000000000000000000000000000000000000000000000000000000000
00000100000000000000000000000000000000000000000000000000000000000000000000000000
00000010000000000000000000000000000000000000000000000000000000000000000000000000
00000001000000000000000000000000000000000000000000000000000000000000000000000000
00000000100000000000000000000000000000000000000000000000000000000000000000000000
00000000010000000000000000000000000000000000000000000000000000000000000000000000
--------------------------------------------------------------------------------
11111111100000000000000000000000000000000000000000000000000000000000000000000000
00000000011111111100000000000000000000000000000000000000000000000000000000000000
00000000000000000011111111000000000000000000000000000000000000000000000000000000
10000000010000000000000000000000000000000000000000000000000000000000000000000000
01000000001000000010000000000000000000000000000000000000000000000000000000000000
00100000000100000001000000000000000000000000000000000000000000000000000000000000
00010000000010000000100000000000000000000000000000000000000000000000000000000000
00001000000001000000010000000000000000000000000000000000000000000000000000000000
00000100000000100000001000000000000000000000000000000000000000000000000000000000
00000010000000010000000100000000000000000000000000000000000000000000000000000000
00000001000000001000000010000000000000000000000000000000000000000000000000000000
00000000100000000100000001000000000000000000000000000000000000000000000000000000
--------------------------------------------------------------------------------
10001000100000000000000000000000000000000000000000000000000000000000000000000000
00010000011000000000000000000000000000000000000000000000000000000000000000000000
00100010000000000000000000000000000000000000000000000000000000000000000000000000
00000010000000000000000000000000000000000000000000000000000000000000000000000000
00000000000000000000000000000000000000000000000000000000000000000000000000000000
00111000000000000000000000000000000000000000000000000000000000000000000000000000
00000000010000000000000000000000000000000000000000000000000000000000000000000000
00000001101000000000000000000000000000000000000000000000000000000000000000000000
11000000000000000000000000000000000000000000000000000000000000000000000000000000
00000000000000000000000000000000000000000000000000000000000000000000000000000000
11111001111000000000000000000000000000000000000000000000000000000000000000000000
00000000000000000000000000000000000000000000000000000000000000000000000000000000
--------------------------------------------------------------------------------
10000111101101000000011011010100100111100100011100101000110011001100011000000000
00101000000010011010100000100000001000001000000001010100000000100000000001000000
00010000000000000001000000000010000000000001100000000001001000000001100010000000
10000000000100000000000001000000100000000000000000100000010001000000000000000000
00000000000000000000000000000010000000000001000000000000000000001000100000000000
00000100001000000000010010000000000001000000100000000001001010000000000010000000
00010000100001000001000000010000000000000000000000000000000000000001001000000000
00001001000000000000100000000000000010100000000000001000000000100100010000000000
00000000000000010000000000000000000000001100001100000000000000000000000001000000
00100000000000000010000000000000001000000000000001010000000000000000000000000000
00000010000000000000001000000000000000000000000000000000100000000000000000000000
00000000000010001000000000100100000100000000010000000100000000000000000000000000
--------------------------------------------------------------------------------
10001100111101001010001010000100101001101000110001010110000110101100101001000000
01100010000000100101110001101011000100000000000110001000110000010001000110000000
00010000000010000000000100000000010010000101000000100000000001000000000000100000
00001000000001000000001000000000000000000000000000000000000100000000000000000000
00000000000000000000000000000000010000001000000000100000000011000000000000100000
10010000000010100000000100000000000010000001000000000100000000001000000010000000
00000000100000000000010000000000000000100000000000000000000000000000000000000000
00100010000000000100000000100100101101000000010001011010000000110100000001000000
01000000000000000011000001000000000000000000000000000000100000000001100100000000
00000000001000000000000000000010000000000000000100000000000000000000000000000000
00000000000000000000000000000000000000000100100000000000000000000000001000000000
00000100010100001000100010001001000000000000000010000000010000000000000000000000
--------------------------------------------------------------------------------
10000111110110000101000100110101000101000011100110110101000110100001100101000000
01011000001000110000110000000010111000110100000000000000110000001110000010000000
00000000000000001010001001000000000010000000010000001000000001000000011000000000
00000000000000000000000000000000000100000000000000010100000010100000000000000000
00000000000000001000001000000000000000000000000100000000000000000000011000000000
00000000000000000010000101000000000010000000010000001000000001000001000000000000
00000010000010000000000000000000001000000100000000100000000100000000000000000000
01000101001100000000010000010010000000010000000010000000000000000000100010000000
00000000100000010000100000000001100000100000000000000001100000000010000000000000
00010000000000100000000000000000000000000001000000000000000000001000000001000000
00000000000000000000000100100000000000000000100000000000000000000000000000000000
10001000010000000101000000000100010001000010000000000000010000000100000100000000
--------------------------------------------------------------------------------
10001110100000000100110011001010001000001100001101100001000000010000101100000000
01110000011001100010001100100001110000000000100010001000110111000011000000000000
00000001000100010000000000000100000110110001000000010100001000001100010000000000
10000010000000000000010000000010000000000000000000000000000000010000100000000000
00000000000100000000000000000000000100010000000000000000000000000000000000000000
00010101000000010000000100000000010010000001000000111001001001000100010000000000
00000000000000000000000000000001000000100100001000000000000000001001000100000000
00000000001000000010100001001000001000001000000001000000010000000000001000000000
00000000010001000000000000000000000000000000100000000000100010000010000000000000
01100000000000000000000000000100100000000000000000000000000000000000000000000000
00000000000000010000000000000000000010000000000000000100000000000000000000000000
00001000100000100100001010100000000000000000000110000000000100000000000000000000
--------------------------------------------------------------------------------
01111010010011001000011001101000001000101010110100011111110000011100000000000000
10000101000000000110000100010001100111010000001000100000001100100010010000000000
00000000100100010001000000000100000000000100000001000000000010000000100000000000
01000000000000000000000000100000000000000000010000000000010000000000000000000000
00000000000000000001001000000000000000000000000001000000000000000000000000000000
00100000010100010000000001000100000011000100100000001000101100000000100000000000
10000000000000000010000100001000000000000000000100000000000000000000000000000000
00000110000001001000000000000000000000100000000000010000000000010100000000000000
00000000000000000000000000000001000100000000000000000010000000001000010000000000
00000000000000000000000000000000000000000000000000100000000000000000000000000000
00010000110010000000000000000100001000000010000000000000000010000000000000000000
00001001000000000100010000010000100000011000001000000101000000100010000000000000
--------------------------------------------------------------------------------
00011110110100001101000101100001011011010000110010110000111101101000101000000000
10100000001000000000100010000110000000000111000001000101000000010000010000000000
01000000000010110000001000011000100000100000001100000010000000000101000000000000
00000000010000000000000000100001000001010000000000000000000000100000000000000000
00000000000010010000001000000000000000000000001100000000000000000100000000000000
00010000100000000000000000001000101000100000100000010000100001000000000000000000
01000010000100100100000010010010000010000000000000000010000100001000000000000000
00100100000000001000100100000000000000000000010001000001001000000000101000000000
00000000000000000000000000000100000000000001000000000000000000000001000000000000
10000000000000000000000000000000000000000100000000100100000000000000000000000000
00001000000000000000000000000000000000000000000000010000010000000000000000000000
00000000001000000001000001000000010000000010000010000000000000010000010000000000
--------------------------------------------------------------------------------
01110000011001000110001100100110000101100000010001100111101000000010001100000000
00001000000000110000100001000000000000010010001000000000010011101000000000000000
10000101100010001000010000001000011000001101000010010000000000010001010000000000
00000000000000000000000000000000000000000000000000100000100000000010000000000000
00000000100000000000000000000000100000000000000000000100000010000001000000000000
00001000000010000000001000001000001001001000000000010001000000000000010000000000
00100001001000001000110000000000000000000100000000000000010000000000000000000000
00010000010000000000000000000010000000110000001000000010001001001000000100000000
10000000000000010000000001100000000000000000000010000000000000110000000000000000
00000000000000000100000000000000000000000000000000000000000000000000000000000000
00000100000001000010000100000100000100000001000001000000000000000000001000000000
01000000000000100000000000000000000000000010010000000000000000000000000000000000
--------------------------------------------------------------------------------
11010000110010101010000000011010001111010110101010101101010001000010000100000000
00000111000001000100001000000100010000100000010001010000101000111100001000000000
00100000001100000001110110100000100000001000000000000010000100000001010010000000
01010000000000000000000000000000000001000000100000000100000000000000000000000000
00000000001100000000100000000000100000000000000000000010000000000000000000000000
00100000100000000000010010000000000100100000000000100000001001000100000010000000
10000000000000000011000000000000000000000010001000000000000000010000010000000000
00000000010001000100000000001010001000000100010001001000100000000010001000000000
00000001000000000000000000100000000000000000000000000000000000100000000000000000
00000100000000100000000000000000010000000000000000000000010000001001000000000000
00000000000000000000000110010000000000000000000000000000000100000000000000000000
00000010000010001000001000000100000010011000000010010001000000000000000100000000
--------------------------------------------------------------------------------
01100100111101000001101011010000110100001100101000001000000110000111100000000000
10011001000010000110010000001010000001110000010000000100000000101000000000000000
00000000000000110000000100000100001000000011000011110011011000010000000000000000
00000000100000000000100000000000010100000000000000000000000000000000000000000000
00000000000000100000000000000000000000000011000010100010001000000000000000000000
00100000010000010000000000000100001000001000000000010001000000000100000000000000
00000101000000000000000001000000100000000000000000000100010010010000100000000000
01000000000011000000010010001000000000000100010000001000000100001001000000000000
00010000000000000100000000000010000000010000000000000000000000000000000000000000
00000000000000000001000000000000000001000000001000000000000000100000000000000000
00000000001000010000000000000000000000000000000001000001000000000010000000000000
10001000000100000010001100010000000000100000100000000000000000000000000000000000
--------------------------------------------------------------------------------
11010010001101010000000000000010100000111100100011000011110100100000100000000000
00100001100000001100001001000001000011000001010000110000000010011100010000000000
00001000000010000011100110111000001100000000001000001000001000000011001000000000
01000000000101000000000000000010000000100000100001000000000100000000000000000000
00001000000000000000000000000000001000000000000000000000000000000000001000000000
10000000000010000001100010011000000100000100000000010000001010100001000000000000
00010000001000000010000100100000100000000001000000000010000000001010000000000000
00000000000000001000000000000001000000001000010010000000000000000000100000000000
00000011000000000000001000000000000010000000000000000000000000010000000000000000
00000000000000000100000001000000000000010000000000000000100000000100000000000000
00000000000000000000100000001000000000000100001000001000000000000000000000000000
00100000100000010000000000000000000001000000000000100001010000000000010000000000
--------------------------------------------------------------------------------
00110000111101101000010100001010110001010010000110011110100010001100000000000000
00000101000000010000100010110101000000100100101000100001000000000000000000000000
11000010000000000110001000000000000110000001010000000000011001010000000000000000
00000000000000100000000000000010000000000000000000010000000010000000000000000000
01000000000000000100000000000000000010000100000000000000010001000000000000000000
00000000100001000010001000000000000000000000000100001000001000010000000000000000
10010010000100001000000000000000010100000000010000100000000000000000000000000000
00100001001000000000000110001000100000100010001000000001100000000100000000000000
00000000000000000000110000000000000000000000000000000000000000000000000000000000
00000100000000000000000000100100000000010000100000000000000000000000000000000000
00000000010000000010000000000000000000000001000010000100001000001000000000000000
00000000000000010000000000010001000001000000000000000010000000000000000000000000
--------------------------------------------------------------------------------
00101000011100010001000000101001010000010000010100010101101100110100000000000000
11010100100001001100110001000100001110001011101010001000000000001000000000000000
00000010000010000000001100000010000001100000000001000000010001000000000000000000
00001000000000000000000000000000000000000000000100010000101000000000000000000000
00000000000000000000000000001000000000000000000001000000000000000000000000000000
00000000000000000000000100000010010000100000000000000000010100001000000000000000
00010000101011000000001000000000000101000000000010000101000000000000000000000000
00000000010000000000100000000000000000010000000000001000000000000100000000000000
00000000000000011000000001100100001000000000100000000000000001000000000000000000
10000000000000000000010000000000000010000010010000000000000000000000000000000000
00000010000000000000000000000001000000000000000000000000000100100000000000000000
01100100000100000101000000000000000000001001001000000000000000010000000000000000
--------------------------------------------------------------------------------
00011110110100101000000100010101001001100110100111000010001000000000000000000000
10100000001000010011001001100000000010011001001000010000010000000000000000000000
01000000000010000000100010001000100000000000000000101001000001001000000000000000
00000000010000100000000000000001001000000000000000000010000000100000000000000000
00000000000010000000000110000000100000000000000000000001000010010000000000000000
00010000100000000000000000101000000000100000000000001000000000001000000000000000
01000010000100000000000000000000000000000100001010110000000000000000000000000000
00100100000000001010000000010100000001000001000100000000000000000000000000000000
00000000000000000001101001000000000000010000000000000000011000000000000000000000
10000000000000000000000000000000000000000000100000000000000000000000000000000000
00001000000000000000000000000000000000000000000000001000000000001000000000000000
00000000001000010000000000000000000010001010000001000000000000000000000000000000
--------------------------------------------------------------------------------
00010000101001111010000100000100001111011010000001100100001010000000000000000000
01100010010010000100000011000001010000000100001010011000100000000000000000000000
10000101000000000001011000011000100000000001010000000001010100000000000000000000
00000000000001000000000000000000000000001000000000000000000000000000000000000000
10000000000000000001010000001000000000000001000000000000000100000000000000000000
00000001000000100000001011000000001000010000010000100000010010000000000000000000
00100000000010000000000000010000100001000010000000000100000000000000000000000000
00010100010000000110000000000100010010000000000001000001001000000000000000000000
01000010000000000000000000000000000000000000001000010000100000000000000000000000
00000000001000000000000000000001000000000000000000000000000000000000000000000000
00000000000000010000000000000000000100000000000000000000000010000000000000000000
00000000100000001000000100000000000000000100000010001000000000000000000000000000
--------------------------------------------------------------------------------
00000000000000000000000000000000000000000000000000000000000000000000000000000000
00000000000000000000000000000000000000000000000000000000000000000000000000000000
00000000000000000000000000000000000000000000000000000000000000000000000000000000
00000000000000000000000000000000000000000000000000000000000000000000000000000000
00000000000000000000000000000000000000000000000000000000000000000000000000000000
00000000000000000000000000000000000000000000000000000000000000000000000000000000
00000000000000000000000000000000000000000000000000000000000000000000000000000000
00000000000000000000000000000000000000000000000000000000000000000000000000000000
00000000000000000000000000000000000000000000000000000000000000000000000000000000
00000000000000000000000000000000000000000000000000000000000000000000000000000000
00000000000000000000000000000000000000000000000000000000000000000000000000000000
00000000000000000000000000000000000000000000000000000000000000000000000000000000